0000
0000
4200008040000
0000
0000
0000
0000
0000
0000
0000
0000
0000
0000
4080008440000
0000
0000
44080028000200
0000
0000
0000
0000
0000
28000000
0000
0000
0000
0000
44000008400000
0000
0000
0000
0000
0000
40200000440200
0000
0000
0000
0000
4080020000200
0000
0000
0000
0000
0000
0000
0000
0000
0000
0000
4000000400000
0000
0000
0000
0000
0000
0000
40200028440200
0000
0000
0000
0000
0000
0000
0000
4080008040000
0000
0000
0000
0000
0000
0000
0000
4000028400000
0000
0000
0000
0000
200020440200
44000008000000
0000
0000
0000
0000
0000
40200000040200
0000
0000
0000
0000
0000
0000
0000
40280000400000
0000
0000
40080000440200
0000
0000
0000
0000
4000000000000
0000
0000
0000
0000
0000
0000
40200028040200
0000
0000
0000
0000
0000
0000
0000
40280028400000
0000
40080028440200
0000
0000
0000
0000
0000
4000028000000
0000
0000
0000
0000
0000
200020040200
0000
0000
0000
0000
44200000440200
0000
0000
280020400000
0000
80020440200
0000
0000
0000
40280000000000
0000
0000
40080000040200
0000
0000
0000
0000
0000
0000
0000
40000020400200
0000
44200028440200
0000
0000
0000
0000
0000
0000
0000
0000
0000
40280028000000
0000
40080028040200
0000
0000
0000
0000
0000
0000
0000
0000
0000
4200020440200
40000008440000
0000
0000
0000
0000
0000
44200000040200
0000
0000
280020000000
0000
80020040200
0000
0000
44280000400000
0000
44080000440200
0000
0000
0000
0000
0000
440000
0000
0000
0000
40000020000200
0000
44200028040200
0000
0000
0000
0000
0000
0000
0000
0000
44280028400000
0000
44080028440200
0000
0000
0000
0000
0000
28440000
0000
0000
0000
0000
4200020040200
40000008040000
0000
0000
0000
0000
0000
0000
0000
4280020400000
0000
4080020440200
0000
0000
0000
44280000000000
0000
44080000040200
0000
0000
0000
0000
0000
40000
0000
44000020400200
0000
0000
0000
0000
0000
0000
0000
0000
0000
0000
0000
0000
44280028000000
0000
44080028040200
0000
0000
0000
0000
0000
28040000
0000
0000
0000
0000
44000008440000
0000
0000
0000
0000
0000
0000
0000
0000
4280020000000
0000
4080020040200
0000
0000
0000
0000
0000
0000
0000
0000
0000
0000
4000000440000
0000
0000
44000020000200
0000
0000
0000
0000
0000
0000
0000
0000
0000
0000
0000
0000
0000
0000
0000
0000
0000
0000
0000
4000028440000
0000
0000
0000
0000
0000
44000008040000
0000
0000
0000
0000
0000
0000
0000
0000
0000
0000
0000
0000
0000
40280000440000
0000
0000
0000
0000
0000
0000
0000
4000000040000
0000
0000
0000
0000
0000
0000
0000
0000
0000
0000
0000
0000
0000
0000
40280028440000
0000
0000
0000
0000
0000
0000
0000
4000028040000
0000
0000
0000
0000
0000
0000
0000
0000
0000
0000
0000
0000
0000
280020440000
0000
0000
0000
0000
0000
40280000040000
0000
0000
0000
0000
0000
0000
0000
40200020400000
0000
40000020440200
0000
0000
0000
0000
0000
0000
0000
0000
0000
0000
0000
0000
40280028040000
0000
0000
0000
0000
0000
0000
0000
0000
0000
0000
0000
0000
0000
0000
0000
0000
0000
0000
0000
0000
0000
280020040000
0000
0000
0000
0000
44280000440000
0000
0000
0000
0000
0000
0000
0000
0000
40200020000000
0000
40000020040200
0000
0000
0000
0000
0000
0000
0000
0000
40080020400000
0000
0000
44280028440000
0000
0000
0000
0000
0000
0000
0000
0000
0000
0000
0000
0000
0000
0000
0000
0000
0000
0000
0000
0000
0000
4280020440000
0000
0000
0000
0000
0000
44280000040000
0000
0000
0000
0000
0000
0000
0000
44200020400000
0000
44000020440200
0000
0000
0000
0000
0000
0000
0000
0000
0000
40080020000000
0000
0000
44280028040000
0000
0000
0000
0000
0000
0000
0000
0000
0000
0000
0000
0000
0000
0000
0000
0000
0000
0000
0000
0000
0000
4280020040000
0000
0000
0000
0000
0000
0000
0000
0000
0000
0000
0000
0000
0000
44200020000000
0000
44000020040200
0000
0000
0000
0000
0000
0000
0000
0000
44080020400000
0000
0000
0000
0000
0000
0000
0000
0000
0000
0000
0000
0000
0000
0000
0000
0000
0000
0000
0000
0000
0000
0000
0000
0000
0000
0000
0000
0000
0000
0000
0000
0000
0000
0000
0000
0000
0000
0000
0000
0000
0000
0000
0000
0000
0000
0000
0000
0000
0000
0000
44080020000000
0000
0000
0000
0000
0000
0000
0000
0000
0000
0000
0000
200008400200
0000
0000
0000
0000
0000
0000
0000
0000
0000
0000
0000
0000
0000
0000
0000
0000
0000
0000
0000
0000
0000
0000
0000
0000
0000
0000
40200020440000
0000
0000
0000
0000
0000
0000
0000
0000
0000
0000
0000
0000
0000
0000
0000
0000
0000
0000
0000
0000
0000
0000
0000
200008000200
0000
0000
0000
0000
0000
0000
0000
0000
0000
0000
80008400200
0000
0000
0000
0000
0000
0000
0000
0000
0000
0000
0000
0000
0000
0000
0000
40200020040000
0000
0000
0000
0000
0000
0000
0000
0000
0000
0000
40080020440000
0000
0000
0000
0000
0000
0000
0000
0000
0000
0000
0000
4200008400200
0000
0000
0000
0000
0000
0000
0000
0000
0000
0000
0000
80008000200
0000
0000
0000
0000
0000
0000
0000
0000
0000
0000
0000
0000
0000
0000
44200020440000
0000
0000
0000
0000
0000
0000
0000
0000
0000
0000
0000
40080020040000
0000
0000
0000
0000
0000
0000
0000
0000
0000
0000
0000
4200008000200
0000
0000
0000
0000
0000
0000
0000
0000
0000
0000
4080008400200
0000
0000
0000
0000
0000
0000
0000
0000
0000
0000
0000
0000
0000
0000
0000
44200020040000
0000
0000
0000
0000
0000
0000
0000
0000
0000
44080020440000
0000
0000
0000
0000
0000
0000
0000
0000
0000
0000
0000
0000
0000
0000
0000
0000
0000
0000
0000
0000
0000
0000
0000
0000
4080008000200
0000
0000
0000
0000
0000
0000
0000
0000
0000
0000
0000
0000
0000
0000
0000
0000
0000
0000
0000
0000
0000
0000
0000
0000
0000
44080020040000
0000
0000
0000
0000
0000
0000
0000
0000
0000
0000
0000
0000
200008440200
0000
0000
0000
0000
0000
0000
0000
0000
0000
0000
0000
0000
0000
0000
0000
0000
0000
0000
0000
0000
0000
0000
0000
0000
0000
0000
0000
0000
0000
0000
0000
0000
0000
0000
0000
0000
0000
0000
0000
0000
0000
0000
0000
0000
0000
0000
0000
0000
0000
0000
200008040200
0000
0000
0000
0000
0000
0000
0000
0000
280008400000
0000
80008440200
0000
0000
0000
0000
0000
0000
0000
0000
0000
0000
0000
0000
0000
40000008400200
0000
0000
0000
0000
0000
0000
0000
0000
0000
0000
0000
0000
0000
0000
0000
0000
0000
0000
0000
0000
0000
400200
0000
0000
4200008440200
0000
0000
0000
0000
0000
0000
0000
0000
0000
280008000000
0000
80008040200
0000
0000
0000
0000
0000
0000
0000
28400200
0000
0000
0000
0000
0000
40000008000200
0000
0000
0000
0000
0000
0000
0000
0000
0000
0000
0000
0000
0000
0000
0000
0000
0000
0000
0000
0000
0000
0200
0000
0000
4200008040200
0000
0000
0000
0000
0000
0000
0000
4280008400000
0000
4080008440200
0000
0000
0000
0000
0000
0000
0000
0000
0000
28000200
0000
0000
0000
0000
44000008400200
0000
0000
0000
0000
0000
0000
0000
0000
0000
0000
0000
0000
0000
0000
0000
0000
0000
0000
0000
0000
0000
4000000400200
0000
0000
0000
0000
0000
0000
0000
0000
0000
0000
0000
4280008000000
0000
4080008040200
0000
0000
0000
0000
0000
0000
0000
4000028400200
0000
0000
0000
0000
0000
0000
44000008000200
0000
0000
0000
0000
0000
0000
0000
0000
0000
0000
0000
0000
0000
40280000400200
0000
0000
0000
0000
0000
0000
0000
4000000000200
0000
0000
0000
0000
0000
0000
0000
0000
0000
0000
0000
0000
0000
0000
40280028400200
0000
0000
0000
0000
0000
0000
4000028000200
0000
0000
0000
0000
0000
0000
0000
0000
0000
0000
0000
0000
0000
280020400200
0000
0000
0000
0000
0000
0000
40280000000200
0000
0000
0000
0000
0000
0000
0000
0000
0000
0000
0000
0000
0000
0000
0000
0000
0000
0000
280008440000
0000
0000
0000
40280028000200
0000
0000
0000
0000
0000
0000
0000
0000
0000
0000
40200008400000
0000
40000008440200
0000
0000
0000
0000
0000
0000
0000
0000
280020000200
0000
0000
0000
0000
44280000400200
0000
0000
0000
0000
0000
200000400000
0000
440200
0000
0000
0000
0000
0000
0000
0000
0000
0000
0000
0000
280008040000
0000
44280028400200
0000
0000
0000
0000
0000
200028400000
0000
28440200
0000
0000
0000
0000
40200008000000
0000
40000008040200
0000
0000
0000
0000
0000
0000
4280020400200
40080008400000
0000
0000
0000
0000
0000
44280000000200
0000
0000
0000
0000
0000
200000000000
0000
40200
0000
0000
0000
0000
0000
0000
0000
80000400000
0000
0000
4280008440000
0000
0000
44280028000200
0000
0000
0000
0000
0000
200028000000
0000
0000
28040200
0000
44200008400000
0000
0000
44000008440200
0000
0000
80028400000
0000
0000
0000
0000
4280020000200
40080008000000
0000
0000
0000
0000
0000
0000
0000
0000
0000
4200000400000
0000
4000000440200
0000
0000
0000
0000
0000
0000
0000
0000
0000
80000000000
0000
0000
4280008040000
0000
0000
0000
0000
0000
0000
0000
4200028400000
0000
4000028440200
0000
0000
0000
0000
44200008000000
0000
44000008040200
0000
0000
80028000000
0000
0000
0000
0000
44080008400000
0000
0000
0000
0000
0000
40280000440200
0000
0000
0000
0000
4200000000000
0000
0000
4000000040200
0000
0000
0000
0000
0000
0000
0000
4080000400000
0000
0000
0000
0000
0000
40280028440200
0000
0000
0000
0000
0000
4200028000000
0000
4000028040200
0000
0000
0000
0000
0000
0000
0000
0000
4080028400000
0000
0000
0000
0000
280020440200
44080008000000
0000
0000
0000
0000
0000
40280000040200
0000
0000
0000
0000
0000
0000
0000
40200020400200
0000
0000
0000
0000
0000
0000
0000
4080000000000
0000
0000
0000
0000
0000
40280028040200
0000
0000
0000
0000
0000
0000
0000
0000
0000
0000
0000
40200008440000
0000
0000
0000
0000
4080028000000
0000
0000
0000
0000
280020040200
0000
0000
0000
0000
44280000440200
0000
0000
0000
0000
0000
200000440000
0000
0000
0000
40200020000200
0000
0000
0000
0000
0000
0000
0000
0000
0000
40080020400200
0000
0000
44280028440200
0000
0000
0000
0000
0000
200028440000
0000
0000
0000
0000
0000
0000
40200008040000
0000
0000
0000
0000
0000
0000
0000
0000
4280020440200
40080008440000
0000
0000
0000
0000
44280000040200
0000
0000
0000
0000
0000
200000040000
0000
44200020400200
0000
0000
0000
0000
0000
0000
0000
0000
80000440000
0000
0000
40080020000200
0000
0000
44280028040200
0000
0000
0000
0000
0000
200028040000
0000
40000000400000
0000
0000
44200008440000
0000
0000
0000
0000
0000
80028440000
0000
0000
0000
0000
4280020040200
40080008040000
0000
0000
0000
0000
0000
0000
0000
40000028400000
0000
4200000440000
0000
0000
44200020000200
0000
0000
0000
0000
0000
0000
0000
0000
80000040000
0000
44080020400200
0000
0000
0000
0000
0000
20400000
0000
0000
4200028440000
0000
0000
0000
40000000000000
0000
44200008040000
0000
0000
0000
0000
0000
80028040000
0000
0000
0000
0000
44080008440000
0000
0000
0000
0000
0000
0000
0000
0000
40000028000000
0000
4200000040000
0000
0000
0000
0000
0000
0000
0000
0000
0000
0000
4080000440000
0000
0000
44080020000200
0000
0000
0000
0000
0000
20000000
0000
0000
4200028040000
0000
44000000400000
0000
0000
0000
0000
0000
0000
0000
0000
4080028440000
0000
0000
0000
0000
0000
44080008040000
0000
0000
0000
0000
0000
0000
0000
44000028400000
0000
0000
0000
0000
40200020440200
0000
0000
0000
0000
0000
0000
0000
0000
4080000040000
0000
0000
0000
0000
0000
0000
0000
4000020400000
0000
0000
0000
0000
0000
44000000000000
0000
0000
0000
0000
0000
0000
0000
0000
4080028040000
0000
0000
0000
0000
0000
0000
0000
0000
0000
0000
0000
0000
0000
44000028000000
0000
0000
0000
0000
0000
40200020040200
0000
0000
0000
0000
0000
0000
0000
40280020400000
0000
40080020440200
0000
0000
0000
0000
0000
4000020000000
0000
0000
0000
0000
0000
0000
0000
0000
0000
0000
0000
0000
0000
0000
0000
0000
0000
0000
0000
0000
0000
0000
0000
0000
0000
0000
0000
0000
0000
0000
0000
0000
44200020440200
0000
0000
0000
0000
0000
0000
0000
0000
0000
40280020000000
0000
40080020040200
0000
0000
0000
0000
0000
0000
0000
0000
0000
0000
40000000440000
0000
0000
0000
0000
0000
0000
0000
0000
0000
0000
0000
0000
0000
0000
0000
0000
0000
0000
0000
0000
0000
0000
40000028440000
0000
0000
0000
0000
44200020040200
0000
0000
0000
0000
0000
0000
0000
0000
44280020400000
0000
44080020440200
0000
0000
0000
0000
0000
20440000
0000
0000
0000
0000
0000
40000000040000
0000
0000
0000
0000
0000
0000
0000
0000
0000
0000
0000
0000
0000
0000
0000
0000
0000
0000
0000
0000
0000
0000
40000028040000
0000
0000
0000
0000
0000
0000
0000
0000
0000
0000
0000
0000
0000
44280020000000
0000
44080020040200
0000
0000
0000
0000
0000
20040000
0000
0000
0000
0000
44000000440000
0000
0000
0000
0000
0000
0000
0000
0000
0000
0000
0000
0000
0000
0000
0000
0000
0000
0000
0000
0000
0000
0000
44000028440000
0000
0000
0000
0000
0000
0000
0000
0000
0000
0000
0000
0000
0000
0000
0000
0000
0000
0000
0000
0000
0000
4000020440000
0000
0000
0000
0000
0000
44000000040000
0000
0000
0000
0000
0000
0000
0000
0000
0000
280008400200
0000
0000
0000
0000
0000
0000
0000
0000
0000
0000
0000
0000
44000028040000
0000
0000
0000
0000
0000
0000
0000
0000
0000
0000
0000
0000
0000
40280020440000
0000
0000
0000
0000
0000
0000
0000
4000020040000
0000
0000
0000
0000
0000
0000
0000
0000
0000
0000
0000
0000
0000
0000
0000
280008000200
0000
0000
0000
0000
0000
0000
0000
0000
0000
0000
0000
0000
0000
0000
0000
0000
0000
0000
0000
0000
0000
0000
0000
0000
0000
0000
40280020040000
0000
0000
0000
0000
0000
0000
0000
0000
0000
0000
0000
0000
0000
0000
0000
0000
0000
0000
0000
0000
0000
0000
4280008400200
0000
0000
0000
0000
0000
0000
0000
0000
0000
0000
0000
0000
0000
0000
0000
0000
0000
0000
0000
0000
0000
0000
0000
0000
0000
0000
44280020440000
0000
0000
0000
0000
0000
0000
0000
0000
0000
0000
0000
0000
0000
0000
0000
0000
0000
0000
0000
0000
0000
0000
0000
4280008000200
0000
0000
0000
0000
0000
0000
0000
0000
0000
0000
0000
0000
0000
0000
0000
0000
0000
0000
0000
0000
0000
0000
0000
0000
0000
0000
44280020040000
0000
0000
0000
0000
0000
0000
0000
0000
0000
0000
0000
0000
0000
0000
0000
0000
0000
0000
0000
0000
0000
0000
0000
0000
0000
0000
0000
0000
0000
0000
0000
0000
0000
0000
0000
0000
0000
0000
0000
0000
0000
0000
0000
0000
0000
0000
0000
0000
0000
0000
0000
0000
0000
0000
0000
0000
0000
0000
0000
0000
0000
0000
0000
0000
0000
0000
0000
0000
0000
0000
0000
0000
0000
280008440200
0000
0000
0000
0000
0000
0000
0000
0000
0000
0000
0000
0000
0000
40200008400200
0000
0000
0000
0000
0000
0000
0000
0000
0000
0000
0000
0000
0000
0000
0000
0000
0000
0000
0000
0000
0000
200000400200
0000
0000
0000
0000
0000
0000
0000
0000
0000
0000
0000
0000
0000
0000
280008040200
0000
0000
0000
0000
0000
0000
0000
200028400200
0000
0000
0000
0000
0000
40200008000200
0000
0000
0000
0000
0000
0000
0000
0000
0000
0000
40080008400200
0000
0000
0000
0000
0000
0000
0000
0000
0000
0000
200000000200
0000
0000
0000
0000
0000
0000
0000
0000
0000
0000
80000400200
0000
0000
4280008440200
0000
0000
0000
0000
0000
0000
0000
0000
200028000200
0000
0000
0000
0000
44200008400200
0000
0000
0000
0000
80028400200
0000
0000
0000
0000
0000
0000
40080008000200
0000
0000
0000
0000
0000
0000
0000
0000
0000
4200000400200
0000
0000
0000
0000
0000
0000
0000
0000
0000
0000
0000
80000000200
0000
0000
4280008040200
0000
0000
0000
0000
0000
0000
0000
4200028400200
0000
0000
0000
0000
0000
44200008000200
0000
0000
0000
0000
0000
80028000200
0000
0000
0000
0000
44080008400200
0000
0000
0000
0000
0000
8400000
0000
0000
0000
0000
4200000000200
0000
0000
0000
0000
0000
0000
0000
0000
0000
4080000400200
0000
0000
0000
0000
0000
0000
0000
0000
0000
0000
0000
0000
4200028000200
0000
0000
0000
0000
0000
0000
0000
0000
0000
4080028400200
0000
0000
0000
0000
0000
0000
44080008000200
0000
0000
0000
0000
0000
8000000
0000
0000
0000
0000
0000
0000
0000
0000
0000
0000
0000
0000
0000
0000
0000
4080000000200
0000
0000
0000
0000
0000
0000
0000
0000
0000
0000
0000
0000
0000
0000
0000
0000
40200008440200
0000
0000
0000
0000
4080028000200
0000
0000
0000
0000
0000
0000
0000
0000
0000
0000
4000008400000
0000
0000
0000
0000
0000
200000440200
0000
0000
0000
0000
0000
0000
0000
0000
0000
0000
0000
0000
0000
0000
0000
0000
0000
0000
0000
0000
0000
0000
200028440200
0000
0000
0000
0000
0000
40200008040200
0000
0000
0000
0000
0000
0000
0000
0000
40280008400000
0000
40080008440200
0000
0000
0000
0000
4000008000000
0000
0000
0000
0000
0000
200000040200
0000
0000
0000
0000
0000
0000
0000
280000400000
0000
0000
80000440200
0000
0000
0000
0000
0000
0000
0000
0000
0000
0000
0000
200028040200
0000
40000000400200
0000
0000
44200008440200
0000
0000
280028400000
0000
80028440200
0000
0000
0000
0000
40280008000000
0000
40080008040200
0000
0000
0000
0000
0000
0000
0000
40000028400200
0000
4200000440200
0000
0000
0000
0000
0000
0000
0000
0000
280000000000
0000
0000
80000040200
0000
0000
0000
0000
0000
0000
0000
20400200
0000
4200028440200
0000
0000
0000
40000000000200
0000
0000
44200008040200
0000
0000
280028000000
0000
80028040200
0000
0000
44280008400000
0000
44080008440200
0000
0000
0000
0000
0000
8440000
0000
0000
0000
40000028000200
0000
4200000040200
0000
0000
0000
0000
0000
0000
0000
4280000400000
0000
4080000440200
0000
0000
0000
0000
0000
0000
0000
0000
0000
20000200
0000
4200028040200
0000
0000
44000000400200
0000
0000
0000
0000
0000
4280028400000
0000
4080028440200
0000
0000
0000
44280008000000
0000
44080008040200
0000
0000
0000
0000
0000
8040000
0000
44000028400200
0000
0000
0000
0000
0000
0000
0000
0000
0000
0000
0000
4280000000000
0000
4080000040200
0000
0000
0000
0000
0000
0000
0000
4000020400200
0000
0000
0000
0000
0000
0000
44000000000200
0000
0000
0000
0000
0000
4280028000000
0000
4080028040200
0000
0000
0000
0000
0000
0000
0000
0000
0000
0000
4000008440000
0000
0000
44000028000200
0000
0000
0000
0000
0000
0000
0000
0000
0000
0000
0000
0000
0000
40280020400200
0000
0000
0000
0000
0000
0000
0000
4000020000200
0000
0000
0000
0000
0000
0000
0000
0000
0000
0000
0000
0000
0000
0000
0000
0000
0000
40280008440000
0000
0000
0000
0000
0000
0000
0000
4000008040000
0000
0000
0000
0000
0000
0000
0000
0000
0000
0000
0000
0000
0000
280000440000
0000
0000
0000
40280020000200
0000
0000
0000
0000
0000
0000
0000
0000
0000
0000
40200000400000
0000
40000000440200
0000
0000
0000
0000
0000
280028440000
0000
0000
0000
0000
0000
40280008040000
0000
0000
0000
0000
0000
0000
0000
40200028400000
0000
40000028440200
0000
0000
0000
0000
0000
0000
0000
0000
0000
0000
0000
280000040000
0000
44280020400200
0000
0000
0000
0000
0000
200020400000
0000
20440200
0000
0000
0000
0000
40200000000000
0000
40000000040200
0000
0000
0000
0000
0000
280028040000
0000
40080000400000
0000
0000
44280008440000
0000
0000
0000
0000
0000
0000
0000
0000
40200028000000
0000
0000
40000028040200
0000
0000
0000
0000
0000
0000
0000
40080028400000
0000
4280000440000
0000
0000
44280020000200
0000
0000
0000
0000
0000
200020000000
0000
20040200
0000
0000
44200000400000
0000
44000000440200
0000
0000
0000
80020400000
0000
0000
4280028440000
0000
0000
40080000000000
0000
0000
44280008040000
0000
0000
0000
0000
0000
0000
0000
44200028400000
0000
44000028440200
0000
0000
0000
0000
0000
0000
0000
0000
0000
40080028000000
0000
4280000040000
0000
0000
0000
0000
0000
0000
0000
4200020400000
0000
4000020440200
0000
0000
0000
44200000000000
0000
0000
44000000040200
0000
0000
80020000000
0000
0000
4280028040000
0000
44080000400000
0000
0000
0000
0000
0000
0000
0000
0000
0000
0000
0000
44200028000000
0000
44000028040200
0000
0000
0000
0000
0000
0000
0000
0000
44080028400000
0000
0000
0000
0000
40280020440200
0000
0000
0000
0000
0000
4200020000000
0000
4000020040200
0000
0000
0000
0000
0000
0000
0000
0000
4080020400000
0000
0000
0000
0000
0000
44080000000000
0000
0000
0000
0000
0000
0000
0000
0000
0000
0000
0000
0000
0000
0000
0000
0000
0000
0000
0000
0000
0000
0000
44080028000000
0000
0000
0000
0000
40280020040200
0000
0000
0000
0000
0000
0000
0000
0000
0000
0000
40200000440000
0000
0000
0000
0000
0000
4080020000000
0000
0000
0000
0000
0000
0000
0000
0000
0000
0000
0000
0000
0000
0000
0000
0000
40200028440000
0000
0000
0000
0000
0000
0000
0000
0000
0000
0000
0000
0000
0000
0000
0000
44280020440200
0000
0000
0000
0000
0000
200020440000
0000
0000
0000
0000
0000
40200000040000
0000
0000
0000
0000
0000
0000
0000
0000
0000
0000
40080000440000
0000
0000
0000
0000
0000
0000
0000
0000
0000
0000
0000
40200028040000
0000
0000
0000
0000
0000
0000
0000
0000
0000
0000
40080028440000
0000
0000
0000
0000
44280020040200
0000
0000
0000
0000
0000
200020040000
0000
0000
0000
0000
44200000440000
0000
0000
0000
0000
0000
80020440000
0000
0000
0000
0000
0000
40080000040000
0000
0000
0000
0000
0000
0000
0000
40000020400000
0000
0000
44200028440000
0000
0000
0000
0000
0000
0000
0000
0000
0000
0000
0000
40080028040000
0000
0000
0000
0000
0000
0000
0000
0000
0000
4200020440000
0000
0000
0000
0000
0000
44200000040000
0000
0000
0000
0000
0000
80020040000
0000
0000
0000
0000
44080000440000
0000
0000
0000
0000
0000
0000
0000
0000
40000020000000
0000
0000
44200028040000
0000
0000
0000
0000
0000
0000
0000
0000
0000
0000
44080028440000
0000
0000
0000
0000
0000
0000
0000
0000
0000
0000
4200020040000
0000
0000
0000
0000
0000
0000
0000
0000
0000
4080020440000
0000
0000
0000
0000
0000
0000
44080000040000
0000
0000
0000
0000
0000
0000
0000
44000020400000
0000
0000
0000
0000
0000
0000
0000
0000
0000
0000
0000
0000
0000
0000
44080028040000
0000
0000
0000
0000
0000
0000
0000
0000
0000
0000
0000
0000
0000
0000
0000
0000
0000
0000
0000
0000
4080020040000
0000
0000
0000
0000
0000
0000
0000
0000
0000
0000
0000
0000
0000
0000
44000020000000
0000
0000
0000
0000
0000
0000
0000
0000
0000
0000
0000
0000
0000
0000
0000
0000
0000
0000
0000
0000
0000
0000
0000
0000
0000
0000
0000
0000
0000
0000
0000
0000
0000
0000
0000
0000
0000
0000
0000
0000
0000
0000
0000
0000
0000
0000
0000
0000
0000
0000
0000
0000
0000
0000
0000
0000
0000
0000
0000
0000
0000
0000
0000
0000
0000
0000
0000
0000
0000
0000
0000
0000
0000
8400200
0000
0000
0000
0000
0000
0000
0000
0000
0000
0000
0000
0000
0000
0000
0000
0000
0000
0000
0000
0000
0000
0000
0000
0000
0000
0000
40000020440000
0000
0000
0000
0000
0000
0000
0000
0000
0000
0000
0000
0000
0000
0000
0000
0000
0000
0000
0000
0000
0000
0000
0000
8000200
0000
0000
0000
0000
0000
0000
0000
0000
0000
0000
0000
0000
0000
0000
0000
0000
0000
0000
0000
0000
0000
0000
0000
0000
0000
0000
40000020040000
0000
0000
0000
0000
0000
0000
0000
0000
0000
0000
0000
0000
0000
0000
0000
0000
0000
0000
0000
0000
0000
0000
4000008400200
0000
0000
0000
0000
0000
0000
0000
0000
0000
0000
0000
0000
0000
0000
0000
0000
0000
0000
0000
0000
0000
0000
0000
0000
0000
0000
44000020440000
0000
0000
0000
0000
0000
0000
0000
0000
0000
0000
0000
0000
0000
0000
0000
40280008400200
0000
0000
0000
0000
0000
0000
0000
4000008000200
0000
0000
0000
0000
0000
0000
0000
0000
0000
0000
0000
0000
0000
280000400200
0000
0000
0000
0000
0000
0000
0000
0000
0000
0000
0000
0000
44000020040000
0000
0000
0000
0000
0000
0000
0000
0000
0000
280028400200
0000
0000
0000
0000
0000
40280008000200
0000
0000
0000
0000
0000
0000
0000
0000
0000
0000
0000
0000
0000
0000
0000
0000
0000
0000
0000
0000
0000
280000000200
0000
0000
0000
0000
0000
0000
0000
0000
0000
0000
0000
0000
0000
0000
0000
0000
0000
0000
0000
0000
0000
0000
280028000200
0000
0000
0000
0000
44280008400200
0000
0000
0000
0000
0000
200008400000
0000
8440200
0000
0000
0000
0000
0000
0000
0000
0000
0000
0000
0000
0000
0000
4280000400200
0000
0000
0000
0000
0000
0000
0000
0000
0000
0000
0000
0000
0000
0000
0000
0000
0000
0000
0000
0000
0000
4280028400200
0000
0000
0000
0000
0000
0000
44280008000200
0000
0000
0000
0000
0000
200008000000
0000
8040200
0000
0000
0000
0000
0000
0000
0000
80008400000
0000
0000
0000
0000
0000
4280000000200
0000
0000
0000
0000
0000
0000
0000
0000
0000
0000
0000
0000
0000
0000
0000
0000
0000
0000
0000
0000
0000
4280028000200
0000
0000
0000
0000
0000
0000
0000
0000
0000
0000
4200008400000
0000
0000
4000008440200
0000
0000
0000
0000
0000
0000
0000
0000
80008000000
0000
0000
0000
0000
0000
0000
0000
0000
0000
0000
0000
0000
0000
0000
0000
0000
0000
0000
0000
0000
0000
0000
0000
0000
0000
0000
0000
0000
0000
0000
0000
0000
0000
40280008440200
0000
0000
0000
0000
0000
4200008000000
0000
4000008040200
0000
0000
0000
0000
0000
0000
0000
4080008400000
0000
0000
0000
0000
0000
280000440200
0000
0000
0000
0000
0000
0000
0000
0000
0000
0000
0000
0000
0000
40200000400200
0000
0000
0000
0000
0000
0000
0000
280028440200
0000
0000
0000
0000
0000
0000
40280008040200
0000
0000
0000
0000
0000
0000
0000
40200028400200
0000
0000
0000
0000
0000
0000
0000
4080008000000
0000
0000
0000
0000
0000
280000040200
0000
0000
0000
0000
0000
0000
0000
200020400200
0000
0000
0000
0000
0000
40200000000200
0000
0000
0000
0000
0000
0000
0000
280028040200
0000
0000
40080000400200
0000
0000
44280008440200
0000
0000
0000
0000
0000
200008440000
0000
0000
40200028000200
0000
0000
0000
0000
0000
0000
0000
0000
0000
40080028400200
0000
4280000440200
0000
0000
0000
0000
0000
0000
0000
0000
0000
200020000200
0000
0000
0000
0000
44200000400200
0000
0000
0000
0000
80020400200
0000
0000
4280028440200
0000
0000
0000
40080000000200
0000
0000
44280008040200
0000
0000
0000
0000
0000
200008040000
0000
44200028400200
0000
0000
0000
0000
0000
0000
0000
80008440000
0000
0000
0000
40080028000200
4280000040200
0000
0000
0000
0000
0000
0000
0000
4200020400200
0000
40000008400000
0000
0000
0000
0000
44200000000200
0000
0000
0000
0000
80020000200
0000
0000
4280028040200
0000
44080000400200
0000
0000
0000
0000
0000
400000
0000
0000
4200008440000
0000
0000
0000
44200028000200
0000
0000
0000
0000
0000
0000
0000
80008040000
0000
44080028400200
0000
0000
0000
0000
0000
28400000
0000
0000
0000
0000
4200020000200
0000
40000008000000
0000
0000
0000
0000
0000
0000
0000
0000
4080020400200
0000
0000
0000
0000
0000
0000
44080000000200
0000
0000
0000
0000
0000
